,car_type,bat_cap,location,netto_charging_capacity,SoC_start,SoC_end,chargingdemand,charge_time,park_start,park_end,drive_start,drive_end,consumption
0,bev_medium,65,6_home,11.0,0.0,1.0,0.0,26,1,26,0,0,0.0
1,bev_medium,65,driving,0.0,1.0,0.9904012307692308,0.0,0,0,0,27,28,0.62392
2,bev_medium,65,5_leisure,0.0,0.9904012307692308,0.9904012307692308,0.0,0,29,32,0,0,0.0
3,bev_medium,65,driving,0.0,0.9904012307692308,0.7516898461538462,0.0,0,0,0,33,41,15.51624
4,bev_medium,65,2_school,0.0,0.7516898461538462,0.7516898461538462,0.0,0,42,63,0,0,0.0
5,bev_medium,65,driving,0.0,0.7516898461538462,0.7254021907692307,0.0,0,0,0,64,70,1.7086976000000003
6,bev_medium,65,6_home,11.0,0.7254021907692307,0.8100175753846154,5.5,2,71,72,0,0,0.0
7,bev_medium,65,driving,0.0,0.8100175753846154,0.7925660061538462,0.0,0,0,0,73,74,1.134352
8,bev_medium,65,3_shopping,0.0,0.7925660061538462,0.7925660061538462,0.0,0,75,84,0,0,0.0
9,bev_medium,65,driving,0.0,0.7925660061538462,0.7859202461538461,0.0,0,0,0,85,87,0.43197440000000004
10,bev_medium,65,6_home,11.0,0.7859202461538461,1.0,13.915184,9,88,124,0,0,0.0
11,bev_medium,65,driving,0.0,1.0,0.8019547076923077,0.0,0,0,0,125,130,12.872943999999999
12,bev_medium,65,0_work,0.0,0.8019547076923077,0.8019547076923077,0.0,0,131,214,0,0,0.0
13,bev_medium,65,driving,0.0,0.8019547076923077,0.793672123076923,0.0,0,0,0,215,216,0.538368
14,bev_medium,65,6_home,11.0,0.793672123076923,1.0,13.411312000000002,5,217,222,0,0,0.0
15,bev_medium,65,driving,0.0,1.0,0.9897858461538461,0.0,0,0,0,223,224,0.66392
16,bev_medium,65,2_school,0.0,0.9897858461538461,0.9897858461538461,0.0,0,225,252,0,0,0.0
17,bev_medium,65,driving,0.0,0.9897858461538461,0.9625583999999999,0.0,0,0,0,253,255,1.769784
18,bev_medium,65,4_private/ridesharing,0.0,0.9625583999999999,0.9625583999999999,0.0,0,256,260,0,0,0.0
19,bev_medium,65,driving,0.0,0.9625583999999999,0.20461014153846124,0.0,0,0,0,261,274,49.266636800000015
20,bev_medium,65,6_home,11.0,0.20461014153846124,0.3738409107692305,11.0,4,275,309,0,0,0.0
21,bev_medium,65,driving,0.0,0.3738409107692305,0.273993772307692,0.0,0,0,0,310,312,6.490064
22,bev_medium,65,0_work,0.0,0.273993772307692,0.273993772307692,0.0,0,313,345,0,0,0.0
23,bev_medium,65,driving,0.0,0.273993772307692,0.2683711753846151,0.0,0,0,0,346,347,0.36546880000000004
24,bev_medium,65,1_business,0.0,0.2683711753846151,0.2683711753846151,0.0,0,348,360,0,0,0.0
25,bev_medium,65,driving,0.0,0.2683711753846151,0.2,0.0,0,0,0,361,366,4.44412639999998
26,bev_medium,65,7_charging_hub,50.0,0.2,0.39230769230769236,12.5,1,367,368,0,0,0.0
27,bev_medium,65,driving,0.0,0.39230769230769236,0.3869232984615382,0.0,0,0,0,369,370,0.34998560000002044
28,bev_medium,65,6_home,11.0,0.3869232984615382,0.9792309907692305,38.5,14,371,416,0,0,0.0
29,bev_medium,65,driving,0.0,0.9792309907692305,0.9453168984615382,0.0,0,0,0,417,421,2.2044159999999997
30,bev_medium,65,0_work,0.0,0.9453168984615382,0.9453168984615382,0.0,0,422,434,0,0,0.0
31,bev_medium,65,driving,0.0,0.9453168984615382,0.9353974892307689,0.0,0,0,0,435,436,0.6447615999999999
32,bev_medium,65,6_home,11.0,0.9353974892307689,1.0,4.19916320000002,44,437,508,0,0,0.0
33,bev_medium,65,driving,0.0,1.0,0.973566523076923,0.0,0,0,0,509,511,1.718176
34,bev_medium,65,5_leisure,0.0,0.973566523076923,0.973566523076923,0.0,0,512,542,0,0,0.0
35,bev_medium,65,driving,0.0,0.973566523076923,0.9570998153846153,0.0,0,0,0,543,545,1.0703360000000002
36,bev_medium,65,6_home,11.0,0.9570998153846153,0.9570998153846153,0.0,0,546,608,0,0,0.0
37,bev_medium,65,driving,0.0,0.9570998153846153,0.9442755199999999,0.0,0,0,0,609,610,0.8335792
38,bev_medium,65,4_private/ridesharing,22.0,0.9442755199999999,0.9442755199999999,0.0,0,611,616,0,0,0.0
39,bev_medium,65,driving,0.0,0.9442755199999999,0.9141009969230769,0.0,0,0,0,617,620,1.961344
40,bev_medium,65,5_leisure,0.0,0.9141009969230769,0.9141009969230769,0.0,0,621,629,0,0,0.0
41,bev_medium,65,driving,0.0,0.9141009969230769,0.8922747323076923,0.0,0,0,0,630,633,1.4187072
42,bev_medium,65,4_private/ridesharing,22.0,0.8922747323076923,0.8922747323076923,0.0,0,634,636,0,0,0.0
43,bev_medium,65,driving,0.0,0.8922747323076923,0.81033504,0.0,0,0,0,637,642,5.326080000000001
44,bev_medium,65,6_home,11.0,0.81033504,1.0,12.3282224,6,643,675,0,0,0.0
45,bev_medium,65,driving,0.0,1.0,0.9889760984615384,0.0,0,0,0,676,677,0.7165536
46,bev_medium,65,4_private/ridesharing,0.0,0.9889760984615384,0.9889760984615384,0.0,0,678,697,0,0,0.0
47,bev_medium,65,driving,0.0,0.9889760984615384,0.98031296,0.0,0,0,0,698,699,0.563104
48,bev_medium,65,0_work,0.0,0.98031296,0.98031296,0.0,0,700,723,0,0,0.0
49,bev_medium,65,driving,0.0,0.98031296,0.95238848,0.0,0,0,0,724,729,1.8150912
50,bev_medium,65,6_home,11.0,0.95238848,0.95238848,0.0,0,730,746,0,0,0.0
51,bev_medium,65,driving,0.0,0.95238848,0.8081354338461538,0.0,0,0,0,747,757,9.376448
52,bev_medium,65,4_private/ridesharing,22.0,0.8081354338461538,0.8081354338461538,0.0,0,758,794,0,0,0.0
53,bev_medium,65,driving,0.0,0.8081354338461538,0.7461647261538461,0.0,0,0,0,795,797,4.028096
54,bev_medium,65,0_work,0.0,0.7461647261538461,0.7461647261538461,0.0,0,798,812,0,0,0.0
55,bev_medium,65,driving,0.0,0.7461647261538461,0.20000000000000007,0.0,0,0,0,813,824,35.500707199999994
56,bev_medium,65,7_charging_hub,50.0,0.20000000000000007,0.39230769230769236,12.5,1,825,826,0,0,0.0
57,bev_medium,65,driving,0.0,0.39230769230769236,0.3400357907692307,0.0,0,0,0,827,828,3.3976736000000076
58,bev_medium,65,1_business,22.0,0.3400357907692307,0.7631127138461538,27.5,5,829,834,0,0,0.0
59,bev_medium,65,driving,0.0,0.7631127138461538,0.7302777599999999,0.0,0,0,0,835,837,2.1342719999999997
60,bev_medium,65,6_home,11.0,0.7302777599999999,1.0,17.531945600000007,27,838,892,0,0,0.0
61,bev_medium,65,driving,0.0,1.0,0.9791780923076923,0.0,0,0,0,893,895,1.353424
62,bev_medium,65,5_leisure,0.0,0.9791780923076923,0.9791780923076923,0.0,0,896,901,0,0,0.0
63,bev_medium,65,driving,0.0,0.9791780923076923,0.9564900923076922,0.0,0,0,0,902,904,1.47472
64,bev_medium,65,3_shopping,0.0,0.9564900923076922,0.9564900923076922,0.0,0,905,910,0,0,0.0
65,bev_medium,65,driving,0.0,0.9564900923076922,0.9400233846153845,0.0,0,0,0,911,912,1.0703360000000002
66,bev_medium,65,6_home,11.0,0.9400233846153845,1.0,3.8984800000000086,35,913,947,0,0,0.0
67,bev_medium,65,driving,0.0,1.0,0.9691717661538461,0.0,0,0,0,948,951,2.0038352
68,bev_medium,65,4_private/ridesharing,3.7,0.9691717661538461,0.9691717661538461,0.0,0,952,980,0,0,0.0
69,bev_medium,65,driving,0.0,0.9691717661538461,0.959105796923077,0.0,0,0,0,981,982,0.654288
70,bev_medium,65,0_work,0.0,0.959105796923077,0.959105796923077,0.0,0,983,1020,0,0,0.0
71,bev_medium,65,driving,0.0,0.959105796923077,0.9228763815384615,0.0,0,0,0,1021,1024,2.354912
72,bev_medium,65,4_private/ridesharing,11.0,0.9228763815384615,0.9228763815384615,0.0,0,1025,1030,0,0,0.0
73,bev_medium,65,driving,0.0,0.9228763815384615,0.7329062646153846,0.0,0,0,0,1031,1037,12.348057600000004
74,bev_medium,65,6_home,11.0,0.7329062646153846,1.0,17.361092800000005,19,1038,1077,0,0,0.0
75,bev_medium,65,driving,0.0,1.0,0.8201915076923078,0.0,0,0,0,1078,1086,11.687551999999997
76,bev_medium,65,0_work,0.0,0.8201915076923078,0.8201915076923078,0.0,0,1087,1124,0,0,0.0
77,bev_medium,65,driving,0.0,0.8201915076923078,0.8068516923076924,0.0,0,0,0,1125,1126,0.867088
78,bev_medium,65,5_leisure,0.0,0.8068516923076924,0.8068516923076924,0.0,0,1127,1182,0,0,0.0
79,bev_medium,65,driving,0.0,0.8068516923076924,0.796132676923077,0.0,0,0,0,1183,1184,0.6967359999999999
80,bev_medium,65,3_shopping,0.0,0.796132676923077,0.796132676923077,0.0,0,1185,1188,0,0,0.0
81,bev_medium,65,driving,0.0,0.796132676923077,0.7698450215384616,0.0,0,0,0,1189,1193,1.7086976000000003
82,bev_medium,65,6_home,11.0,0.7698450215384616,1.0,14.960073599999998,50,1194,1281,0,0,0.0
83,bev_medium,65,driving,0.0,1.0,0.9877848615384616,0.0,0,0,0,1282,1284,0.793984
84,bev_medium,65,3_shopping,0.0,0.9877848615384616,0.9877848615384616,0.0,0,1285,1336,0,0,0.0
